omega = 1.14E-29 		# fraccion atomica de vacacias
s = 1			 	# cavity surface energy ?
efv = 1.6			# energia de formacion de vacancia
rM = 5000			# aka R
r = 380
e = 1.4				# energia de migracion de vacancias
f = 1				# eficiencia de cascada?
teol = 56.25
N0 = 6e14 			# densida de dislocacion?
Modo = H347			# X750 o H347
Titulo = 1
HeFit = 0.006254539	-0.724812311	25.52757342	250.1614675	0
DPAFit = 1.6387E-05	-0.00186608	0.064806639	0.833884732	0
Titulo = 3
HeFit = 0.001180563	-0.181578189	9.761426836	213.0622527	0
DPAFit = 1.00093E-05	-0.001213404	0.048548972	0.773229862	0
Titulo = 7
HeFit = 0.008332058	-0.927746352	32.29711174	-51.75658844	0
DPAFit = 2.9434E-06	-0.000519911	0.029660319	0.332245754	0
Titulo = 9
HeFit = 0.003392582	-0.44053212	18.87644655	87.9596512	0
DPAFit =  5.76109E-06	-0.000829211	0.039487473	0.584395459	0
Titulo = 13
HeFit = 0.002242218	-0.288684736	12.83300959	-21.28231907	0
DPAFit =  9.14165E-08	-0.000145662	0.014792545	0.288212694	0
Titulo = 15
HeFit =	  0.005845867	-0.719154091	28.19372445	-27.75100463	0
DPAFit =  3.64903E-06	-0.00058686	0.031036482	0.324501157	0